5
-1359 18413
-8041 41850
-17175 -55501
37815 18583
3550 17264
-26348 28804
15146 4792
-6142 -29374
-9975 29562
23618 -28833
7415 -15999
15029 26634
7646 -13584
-12197 -6330
-4371 -26515
-34648 -5843
-3767 -1242
652 -5145
-9443 2152
-19998 -25698
-9603 1452
37043 20819
24752 14293
-90853 -5409
47678 2728
-2701 28215
13650 -653
1245 33163
18464 -39671
6235 -32733
25181 371
-17685 -25906
-26906 -26
4231 -26507
-39349 23463
-26300 9852
17722 20912
39932 52263
41635 -32626
31394 46854
-72569 -35018
-18127 11748
3525 -6173
37455 -8619
15934 9518
-29157 -16335
-42706 15824
-27940 -26697
-15137 2502
-36608 16242
-1762 15067
33065 35350
1618 3284
-32358 2438
-10916 -47145
-26594 5948
-33860 -23825
27803 -10885
12803 -1296
4983 -24191
28011 -5455
36244 -21123
14434 -16194
-4409 29165
26020 -14984
6287 -26508
3516 18579
4562 27325
-34038 -19951
35912 -17194
-2927 -23873
-32070 -6741
36009 -5874
-48829 -28550
46201 -5904
-6606 21231
-13831 -7696
48563 -3835
-24534 -17809
10402 -4968
17541 -12489
2341 -27693
-41483 -4027
-20656 38053
21884 12894
-7691 8525
2906 -3591
-15197 -31017
12680 13512
-20852 5088
5142 6554
-18938 -4239
53178 13029
7437 58932
-9515 -18268
-9706 11680
5396 109
-13875 -26320
-14434 -2430
-14948 49115
-5579 -38718
29529 1967
-10928 13828
-13176 -27270
-2168 -8437
-7691 4441
18644 7797
1978 24641
30933 -17685
-25014 -31797
-22178 -44497
-29921 18597
-10527 -16801
3037 51210
-27975 13666
-19314 11758
50457 -26263
6945 -17595
-27177 8155
-4734 11439
14568 -21325
-37377 -27203
3427 -31110
13612 -13327
11565 -23101
-39425 15372
28254 -37322
-4748 19219
-6479 -9971
-27607 -18055
-14140 -7703
-12833 17501
4929 -25327
10891 19169
-6070 53897
-31580 -27523
-6412 -11981
-31478 30057
2434 -11201
9242 -10581
-17837 -20734
60 6287
4355 -36375
-50006 24909
46700 39246
21314 -7306
-10960 4632
28216 -52152
-24292 -15143
11038 40621
39967 6278
-6317 5457
29559 -20953
-42771 24524
54531 -14709
29565 -8976
23193 -25972
59967 36027
25599 -29056
11866 11580
43729 -23379
-27661 12139
-10084 -32008
4885 19492
28596 -41947
-26637 -7308
-20077 -10035
-4318 7151
1504 12234
53946 -32720
14161 18072
-38939 39473
-17186 -5956
-25179 -13468
28084 -7429
-6500 11090
13799 -39499
31023 -45201
-11859 6183
-7008 7832
37602 -49627
25758 -7712
-32227 -11941
5584 8752
-7295 -9381
-62625 -26661
23385 47449
20407 2432
21835 19386
-33339 -40568
29392 -10773
-9989 27913
26911 -4990
-15813 -43157
-11096 -14767
-30149 9897
-13390 1070
-16463 -21288
12852 23009
2201 27492
-13288 59078
27353 -34707
-39214 -19360
-1316 7959
5137 -12098
-26900 10614
-10833 20264
7573 -1825
10445 14640
-5201 22520
11689 16066
-8629 5454
12320 2660
44611 27264
-777 -11005
-24766 -20771
-21466 -11938
53485 40680
-2074 -21662
-25696 33341
19704 -4497
-36769 -701
31010 9393
-6124 38307
-8353 -743
-17478 3749
-18063 -3847
-19676 17801
16236 17392
1180 -575
15489 -12580
-2265 1973
-38026 -16790
32545 3119
-10117 4076
46661 -6602
31750 13593
34058 -20631
4012 6677
30501 18251
-1885 16371
-4375 -51646
-18091 11649
2857 -19216
-25785 -32844
-22836 30349
-37838 -51256
-9897 34994
-57591 33512
8605 -4307
-17100 -14502
51601 16454
-11796 -44575
-18554 2482
-10731 26398
-8897 17041
-10805 10492
315 6627
-48429 7765
2450 15246
4829 -8124
-11194 1238
-37206 -10877
-17412 -10486
1132 6681
8720 19993
-10250 -48367
-35226 -19778
-51221 5282
-2754 17884
19096 29307
-56903 -30236
11108 33658
35906 -30189
-10729 -12289
-6126 -17948
-1209 -4864
41010 -1650
-3785 -31171
-13084 14870
22015 15664
-17648 -2557
12938 24687
24197 -27737
34334 2496
-5116 -5049
11151 -4075
-25205 5521
10459 35083
-269 -15344
29275 -18529
27108 -30074
-36617 6336
22203 -24963
23641 -2926
-10620 8645
-24789 28380
-14017 7615
-23008 -7347
-21360 -14960
26126 16290
-49946 -5623
-5170 -1879
-5722 -98
4910 -5619
-983 -13140
24056 -23500
-17015 14891
-12559 -18002
-56434 10186
-4115 24799
22238 12385
-14254 -17625
-13823 38346
28428 22672
-9671 34250
10693 -24456
13850 2656
30187 -30985
31132 -18630
5342 -22982
22034 612
15666 -20316
9556 -46562
-42771 -17083
48348 -35534
-11759 -4194
24286 -29100
-10001 -2397
1866 -47126
20053 -11451
-23713 -16492
1028 -32199
8432 -11293
-13499 -4444
-9169 16038
-44346 -28394
23401 -16107
25662 9955
-24697 -33230
10754 29560
-49967 20585
-3459 15603
32768 19927
-33994 -4507
-64237 21380
-14832 17058
-13045 10755
35335 -4982
-2894 -30580
43291 -53603
-21138 -15028
14922 -40725
-9835 6767
30396 -7511
-8032 1144
-21327 647
7219 -58545
23920 8848
3226 24624
-3666 58886
-12954 -15440
-6941 -18322
-9489 13710
-16310 -2264
-20348 -54687
3768 -5437
56623 3670
12302 -3369
43466 42851
-20136 -31432
-33203 9903
57369 -1613
-24261 55440
12883 9697
-36998 5407
-47885 -45404
-12398 34866
-25072 -12918
-15782 15623
-16303 -12520
-51249 2370
-54466 42324
52466 -14615
19054 22741
1911 16378
-21576 18412
-10255 -6823
-8008 -46394
-29046 5764
-7629 5338
34797 26329
28792 -8194
-439 -40125
12841 55717
-44923 -12548
-4929 10473
-12163 2876
-23690 38863
-83428 35436
-5365 2422
9475 9853
2285 6224
-43062 -4098
-18751 -7579
3636 5364
-30197 -13151
-38562 18070
6305 2723
-12345 39372
-22514 18031
20345 31619
23960 -1925
-11525 41472
-3434 15991
3270 18146
-17137 -10789
57646 -6027
-16407 19360
36371 9200
32282 4017
27087 13309
55466 21488
14027 32703
-31344 -26182
-25830 -26738
23916 -44073
30131 16497
4726 -11881
-14859 -12855
-23776 12799
5348 -18014
38967 -6978
16160 -9015
29843 -3654
42701 -28730
14224 24361
13480 -33739
-29188 12882
34997 -3509
1878 11433
56421 -15740
-6824 -22415
20243 -4508
-30336 -2169
3077 -36647
40207 21875
15373 20460
-9194 -10269
25660 44484
-14620 8460
4019 11930
-8565 -20181
3630 18551
493 58560
34883 17156
-7210 14714
-680 31182
-5589 -9312
41535 7936
-2157 -12782
-5548 34142
-43108 -5965
-8835 -48485
-8419 -21817
-30906 52710
-19479 14710
-4327 -7377
21816 12383
-8940 -32979
30576 -8146
40262 5348
31330 36682
-58659 -30321
-45730 -58391
-1734 29688
14823 30389
-40091 -25017
9235 5251
-1326 -3079
2279 32739
2564 -8530
6291 -28961
18934 18071
22746 -39563
-3958 31278
-29214 -10375
-26965 25246
11993 -18012
15399 27356
-5130 12306
12210 -3963
36493 13387
-11068 -309
-1384 154
14816 -10033
-13299 10896
-31041 6791
9618 31030
-20548 -11165
-60106 28656
-26171 -4834
28485 19213
-1500 -38952
37697 -23229
-56430 27423
-777 -11606
1568 38778
27218 52711
43208 -27140
-74 -437
-12814 -22027
63963 19409
24112 -30137
44595 -10638
20602 -525
13552 -3567
-25557 6090
27629 5648
-34884 -33032
2581 -14466
21588 -36070
-4911 -25990
-20056 13149
-27021 -10570
-53253 -16463
-28688 6234
17042 -17413
-25158 -6165
-4473 3853
-10181 16591
-27776 4222
36449 38627
-5180 -7300
-9641 -25877
52950 51750
14934 10503
-26971 30191
-3467 14355
15283 -30740
-36687 18605
-37463 36728
-1390 -5131
32690 -26252
-20763 -7101
-4473 -20290
-17512 33648
32608 16677
2767 2381
3725 -3788
17316 22468
16215 -15526
13772 -11461
-2911 -12044
30541 -10050
21838 -13973
-45997 22478
-26959 -3632
53763 -47345
23119 -13366
6933 33675
-42167 2865
-22096 9563
-19295 -30405
-14823 -24941
10617 -16789
-31530 6394
8565 48719
823 20656
8338 4189
-22006 3093
-10224 16873
19940 8569
-18725 -16048
-30518 -32954
33595 -740
16431 45943
34538 -555
-23164 46324
20663 47995
-5624 -53778
-8201 -33605
-47622 -20241
7358 -31170
22418 -41456
36659 11357
815 6150
22396 -30857
7705 -16001
1191 -27548
5743 -10575
-20710 -13828
-23795 9642
8354 -12914
24737 6060
31217 9282
-31735 -17359
-35656 76077
-7072 7273
18212 1244
37726 -11032
24219 21968
-24098 -14246
-38551 -10592
30961 -29414
-15974 -26718
-12923 29097
13596 -46159
295 -581
-14661 -4804
-2348 -27763
-25437 4202
21952 -20383
-7181 44697
39779 -29522
-25373 17325
27538 13745
-45286 -6045
-23562 -16310
-7835 -7159
-20719 -8961
30759 -21998
17316 -7036
20152 -32746
-63749 -9330
25050 -39518
34494 37655
-5462 -4371
-1080 -628
-13887 -6395
13480 9674
3897 27801
14022 21104
-20270 -18365
11446 -9592
27340 26732
-43183 -17434
11235 -56612
-5292 37363
-1036 -7050
-8566 3806
-17668 4812
-53155 -19184
36643 32261
-23902 -32240
36849 30603
-55893 38260
36025 -25512
-16706 39393
11100 13069
27752 -14357
-11483 -36579
-19341 -39301
29901 857
-7284 24104
-38818 -17460
-30980 18361
35376 3850
41715 -6426
1212 -13737
5582 9529
11616 -3721
-6955 6987
-7544 8499
-12851 -24491
4169 25937
13486 23932
-10513 21801
-14182 15764
540 24806
49178 -32097
-21290 -37110
-44860 -4694
-21329 15638
52157 3181
-49909 29823
13076 -48785
-24279 7269
-60690 -12090
48991 2811
14102 -16220
-4652 4171
-45303 11319
19717 46978
-14981 26844
-1615 7102
-1159 -54458
10477 29201
-14812 -2978
-21848 -39385
47763 -15152
-25326 -47429
-33767 9801
-3198 12536
-27287 -430
4279 33795
19265 -9991
-4948 41800
49815 42144
58679 8057
-10944 12967
21122 48169
34985 11157
14795 18935
10708 -4019
-10086 -12086
31449 22340
-3251 14689
-2867 -1887
-7051 -35223
-14412 -602
577 5974
18498 -30579
-10903 -19948
-7863 -12730
-27992 10370
11618 -18977
21849 -33122
26161 6916
3444 -24164
11865 -2891
49112 30655
4253 30181
14208 -30528
14307 30431
-14209 -921
-28232 -14231
14348 -33709
-31772 -3298
-17654 -12315
-10738 23494
-20215 -2738
13913 -6781
28145 2743
13734 -1818
-24556 -3875
-12382 23031
-17137 -45317
-17485 -10538
-13888 14576
29213 4613
-28344 -26388
-32996 2889
15749 -29039
15846 -1872
-24653 21273
639 -16136
12608 8666
34898 12728
26603 15379
-17651 35576
3798 -15264
-18760 33722
-11183 -20266
25687 35022
21641 -631
-29420 25607
17944 -9034
15927 -21386
10148 10409
-36109 -36670
-23094 3078
4636 4229
6980 -13716
-21389 -25578
21120 20808
19031 -23841
13307 57809
6406 -29672
-10331 10864
13349 38345
-16444 52905
12730 -3851
15283 21865
-26262 12243
-24407 -5054
-13301 33676
-4205 -27702
-31702 -18598
-8871 -16136
26636 18982
7709 -32126
-14132 23407
35444 5416
-6089 -31496
21082 31348
-33149 1886
-11931 -17353
6809 -4753
-8998 -4516
27580 16427
26300 50462
-7108 9822
13724 18222
15396 -30626
-37976 -28298
-18340 -6323
-11978 1677
8254 -61774
-33887 18230
15152 15889
-32269 -33483
-45554 -13686
-35884 12837
-45054 -4241
-13001 7377
-2088 -8837
2970 12092
23697 31346
26812 -32871
-32831 33940
10831 6715
-32495 -19295
12351 -17810
17401 -5107
33319 11272
-133 -768
21201 4595
32373 -33430
-15397 11786
5162 -484
-38485 -11105
40696 -7796
39580 -19723
-43911 12897
33152 33617
32098 22953
-882 34375
4091 24404
11544 23943
-45555 -11074
6146 29305
3005 23787
6388 13813
4943 26382
-19474 3078
11913 -43550
9204 -12459
23287 -17272
13232 -43822
42159 1183
26967 6773
-22103 -20289
2856 -9642
6087 17417
-27712 11885
44229 -34416
-24541 25655
-9508 62873
-47297 -36301
-7662 232
-1440 -34831
-35217 -21149
-197 -18239
10313 9968
26772 -4761
-6199 31925
-12630 34682
-30745 -11621
-3744 23326
21968 -378
-908 -71303
18867 38585
-44714 -12170
19976 24076
42817 35835
37474 32140
-5266 8686
-53324 7568
16566 -4055
-32942 -7132
-32506 7363
-18526 -5570
7430 59110
-20119 9558
-13593 -22885
-15580 19116
40145 -8387
-15927 -2767
-27295 -9456
40596 26748
1690 21705
-32717 -2363
25364 50796
38027 19232
-44745 -20802
25715 33628
-6275 -28744
-16952 -49459
-4747 14465
-6188 6819
19760 2758
26864 19619
34271 31417
-25506 -4082
58107 -33084
8024 14788
30198 -31866
1065 21421
-14491 51233
21585 -30167
-27255 -1121
-29978 5382
-30635 56649
18897 51468
-7000 31115
-23413 28696
-4898 53122
-12260 4015
-14781 -25083
33084 42498
11178 19279
-4297 38414
-8631 -1681
-5696 11984
-23681 -9313
-18078 31338
-1989 3360
6860 18602
17334 18446
18177 -34769
-27857 -19820
-670 -19630
-19412 32482
-14492 -10122
-57695 -37738
2223 16462
-12996 -23281
1606 14705
18073 16080
3140 5728
13656 9178
4603 -27521
27872 29404
2483 -7652
22620 -7992
-4783 -10998
17455 6109
14729 20604
2486 39067
-58074 -25321
-38125 -23002
-5919 -7173
34979 -17113
-13483 419
13590 -14165
-7370 -8895
19456 13534
5498 26766
26865 45063
21950 -28457
-21098 22278
-9190 -2588
-863 -29732
-69723 -14673
-9974 2550
5921 -9539
-4579 12080
-20813 7576
-11119 14925
-815 -32732
16872 19756
-11028 -22018
1940 440
8389 10197
15687 -5770
-3373 -40833
-10169 740
-7991 23467
18812 -15128
4504 6789
-30005 -22270
8471 49193
-38717 43234
56148 -32918
-15983 15436
-6936 50196
-22996 3534
-18336 7958
-26223 -17788
24137 4364
-15859 46906
15523 10124
10879 -3203
4927 21110
-19148 34537
24304 7376
15510 2949
-2059 -6342
37748 1316
19591 14264
-11320 14231
486 22093
29556 -1629
31611 6530
2220 29271
53373 34905
22317 41042
-9752 -4633
28550 -30638
41190 18923
-16460 14455
7690 22990
5356 -6048
-24738 6621
2089 14077
-27230 27873
19739 -8065
-20170 28295
9030 41088
-13533 -25707
-19615 -15118
56296 -10337
9658 16702
13319 -17064
-8932 21975
-4516 14269
51990 29484
-41657 -37911
15250 -20210
4755 -8775
9932 -14726
-7055 -5212
42765 -10682
1423 5423
-26793 17216
5649 -11385
-30503 -13341
-8228 -9048
-2220 -11004
15426 -6722
-27928 -32244
2303 -35164
-9346 12081
3769 -437
6675 -4866
19722 -14390
26823 910
-4155 -26693
19222 52663
-8001 -68830
-856 -53841
-22115 -15952
4114 10436
11411 -21514
1107 8955
-33906 -12477
4389 26543
-3336 27694
-41897 -723
28078 -11381
9955 11061
-21422 2875
-11201 1953
9431 -12039
-1653 24032
55870 21648
1451 -6881
-20153 -36359
23898 28188
-9778 -36740
27360 5339
-19249 -41334
15206 11172
-43189 -26486
-9543 -6896
-24841 669
23649 37981
37122 -23380
17363 -12075
17126 59856
5014 -26413
-22041 -20254
-1348 22792
-1540 9793
10469 12130
-39382 -54778
-50992 -15296
-13480 -13057
1764 22730
-22450 70837
-5565 -14375
7185 32302
11337 -15033
-15813 4781
-17588 -25943
5956 58130
-17453 -7585
7824 26128
2223 -1302
9940 -28955
-2312 9311
8766 -4453
22954 2376
2717 24377
-6190 -16795
-13699 -21484
-6171 16934
33785 31738
13362 48531
30741 -24608
14457 36421
-6766 -32897
-2500 -56766
-5645 -46203
-25105 -15437
14193 18383
7956 49897
-25158 -3980
-11649 38793
-32866 12073
-34685 -29039
-14936 -35644
6174 40510
6426 -19340
-19812 33469
36050 6013
-16287 -13590
20459 19166
-17696 -14546
24504 -24511
19005 13030
-26272 -10676
31160 41577
7297 -17974
-3435 -11539
40912 13530
14970 -370
23614 -2421
44657 4997
2230 -39169
1362 281
9999 -5835
11934 -17981
42228 26241
-6403 -1611
45783 6551
-47119 -32076
-49757 8978
-20378 21216
23075 28891
-10873 1015
-43671 15603
182 -52097
16688 -39215
-49933 -16739
-8343 -11116
26756 20071
-18209 22637
14945 3218
-39764 -21164
27704 33195
4045 -801
-12171 35255
17824 -8449
-3343 -549
2003 10309
40671 22029
-13018 -21373
-15154 2661
5510 10955
-4190 24759
-1770 4039
26916 913
-1605 2264
45068 -23505
-14911 -41831
14568 32039
-27374 9818
-12784 14412
-7958 2756
-6738 8466
16730 43889
158 16799
-29295 14054
61241 -9293
45919 -28613
-59629 11530
-35093 -925
-5979 -61440
23761 21704
-21397 6513
23939 -63500
-5698 -3694
5747 7083
5071 -34675
25924 -14652
10493 6948
-12600 -10987
-60711 -5610
27453 46177
-18450 34603
-8602 16692
12670 5990
22439 46616
15287 -36823
-22312 29252
-9997 21706
-4928 -13805
-13746 -22832
-43263 -14725
10093 27113
-32499 -14093
17136 -46888
-8194 -19315
-1422 1106
-22233 19241
16396 7676
-24903 -16285
-29619 12867
22801 -18311
24299 -2852
12337 14634
-20707 -7068
16206 -23347
-465 -9703
-72679 -29668
11499 -8653
49260 12973
31587 10511
11262 -45834
14105 35336
7730 -3899
-39823 1414
-21866 13220
-26599 -4707
9824 -23772
6912 15307
-813 25312
-27230 -6436
-6095 742
27007 -26801
7381 -28750
7119 22610
-22707 7686
6985 43780
20722 -10606
17977 16458
1953 16953
-884 25477
27536 -34636
39617 2516
36982 2718
18534 -13879
20324 4659
44687 1713
6972 8541
-15062 5109
-339 8569
24102 15099
-11093 37495
6526 -1195
17410 54886
-24632 7385
4761 -32660
-13505 -5285
-530 -8802
3347 -5609
6041 -13730
36015 -14032
-8950 21133
-30780 -25081
-39280 -4075
-14471 41869
36725 47333
39143 -4428
-29333 -44235
-19275 29936
-10749 22434
-994 22669
-3012 9094
-28487 -750
-2851 8632
-2859 -44429
-25798 14620
12263 -4062
16412 1231
-25720 6084
-22509 22190
-26493 -39419
-17077 -8598
17725 8567
-20747 41717
-27982 -10492
-5305 23170
47044 2652
44768 -8539
-26050 10012
8118 -16547
1206 -14329
-7780 -40915
-5730 45376
3881 -31624
3824 -19318
-2278 1875
-22471 -3262
43642 -18984
17814 30245
19707 -2749
-13730 28312
23251 11394
-7936 1184
25995 79267
11134 14886
-8521 27668
-12270 19677
14804 6023
-25145 8461
-12180 -1372
-6570 45917
36763 -16611
5833 7451
-11839 8577
4189 -2770
-46557 36403
-2782 23912
41109 -1442
1163 9687
24171 35272
-14794 6669
-12667 28226
21551 38315
-46056 -1435
-14178 -36474
8734 16534
15478 -23789
20324 53323
26158 8894
35100 -17757
-16669 22144
43178 -16164
3141 20855
-9633 33936
-16854 32310
15995 51997
-24774 -4029
34600 3643
-42975 26480
1666 -29368
-49347 -15660
-18301 20374
15942 20792
45793 1931
21410 2800
-6038 14118
14212 -9282
-5916 -19788
8742 41302
-24231 15439
-15506 1598
31131 6900
-22440 6478
13111 -42317
8138 -32394
10003 295
27239 -16426
36250 33205
-42688 -2901
10951 -8056
-13955 -2066
-24622 -418
32611 -28349
-21770 34279
-43573 7912
-20390 29874
-17353 27363
-58037 -30899
19730 26347
-24428 21649
-7783 4564
-35628 33358
-30881 -23523
7667 16094
-10804 -24962
-7783 10895
36086 -22812
996 7065
-12617 17505
25302 24273
-23066 -15532
18313 23211
-10577 -29961
-60626 8776
18470 -1594
3426 -14872
11340 -2604
-34333 13220
19929 -12168
-24058 -30626
18664 -4373
25266 -7319
-13077 -2192
-33814 -23931
12442 -4831
-3108 -24004
-20727 -60645
22931 34191
-2755 20808
57149 -35067
5204 -36683
-15145 5070
26372 15576
-22798 15490
22914 8201
20399 -14794
-10771 -1722
13744 -43530
-17030 -1475
-48692 13653
-20443 -12298
-42552 3136
41173 -14837
28772 25812
22604 -8472
16111 19746
-105 -23429
-16542 40586
683 11205
43559 -33307
-14077 10164
-6885 4401
16279 -20986
-10698 113
-26210 -28620
-5185 -9746
8397 -4287
-14697 -28574
-26260 2266
-10251 19723
-22536 -9924
60401 -12197
7636 13588
1919 16341
-42233 -25838
7230 -65153
-4461 3831
-44004 46253
-4639 18002
3450 52043
5172 -48726
28619 12255
6922 -15709
9367 -39538
-45129 -17236
-30726 5873
40199 -23265
-9938 -13128
-30333 32803
-2774 -49244
-29356 -12892
-25480 11923
-8273 -30887
-7546 -57675
10727 26971
12522 -27841
-40468 -18582
17197 -3560
28250 -58897
-6301 -170
3387 -11186
-28932 40779
-45124 -13335
1714 -21066
36023 -21413
-14382 -15955
34067 15114
27676 -17861
-49431 25980
-27810 -55333
15583 -5139
23751 -24905
-19447 5044
7076 8969
-5340 21640
27502 -13024
-5397 -13248
24133 -1901
592 4481
20839 -11288
11021 -7130
15170 -4384
13506 31486
-11007 19566
-33911 -24606
8481 17178
-1664 -4
8686 14503
-6039 -4993
-2813 -10255
5664 18650
-18215 -13412
-42501 38259
-8252 2591
12884 3481
-51152 -23162
-2400 25600
-35060 -10868
-31377 -9339
5270 -17417
16846 -17428
-17213 -15811
559 -3633
8043 -16189
3874 -12159
43113 20977
4882 6724
2363 -36773
23236 -24647
27140 -16371
2706 -7972
3688 15063
-18851 28638
-23051 19484
-2491 13066
-20954 17108
-39144 41435
2043 15065
-27022 -4759
-6602 20184
-13176 -16215
49913 29444
55639 24335
20346 -40948
32902 27765
-45796 -21288
-4377 -10334
6809 -1095
-27100 33946
10791 -47405
-6838 49179
11867 29074
20668 26618
-35106 -6579
28932 4032
-3562 -5417
-780 -14713
-1775 10151
4182 35543
335 -2084
-17030 -7729
-17842 -16397
39949 10014
-17229 25798
3506 -22830
6951 -29548
-136 -49390
-9193 15434
45576 1163
-9291 2196
-22277 -20341
19814 52942
-9888 -19495
18458 19545
-12255 40697
-47985 11985
-4608 24604
-1581 -13365
39874 -57642
10355 -19287
60618 17384
6560 -29437
-40807 36557
18695 6879
50357 28384
1249 -18601
29945 50928
8322 -13649
3912 -20150
6347 9311
-25229 18790
26350 45148
43834 -4797
-8211 -15685
-19313 -15086
10490 1272
33157 25628
13234 -26339
-45459 -42744
-5365 21470
28566 2223
18633 -6212
12421 638
32629 -7743
-39813 61376
12057 -11431
3647 32541
20358 10833
57853 -40755
1939 6759
-6331 4255
-49842 28304
-8647 -28313
1207 14960
3800 24455
-12698 -5091
-10856 -3753
-8506 -32931
465 -49502
1960 9542
-29349 3088
18225 -29799
-51116 24097
9996 -58228
-28257 34137
2884 -5010
27435 24243
-53324 59437
-28094 2042
-3120 -1986
20377 -24489
48367 -16840
-29256 12103
41585 -7707
23349 15838
30325 11937
13388 16002
-33169 9302
8494 24052
1281 26784
-33245 13416
-16907 34953
36196 -19151
14700 -28487
13546 -11388
29462 -37364
10223 23762
16534 -16864
28057 23334
-741 -4508
-30760 17352
-10029 -21739
4666 12633
-1655 6239
12195 -51006
-19778 4457
42281 -44022
-23950 815
35847 -3641
11869 9368
31347 12035
-6348 -37439
-48660 -22373
-15732 36630
2851 -4323
19483 10561
18697 29528
40166 9512
-5356 20276
23289 15572
-11500 -20808
-17842 -28939
43206 14493
-19760 -26352
-50333 883
-41292 7792
-18885 -18655
-38450 -8808
-1120 41395
58630 30954
45336 -34340
-15757 60690
-14627 56162
-21646 -1357
31812 -7864
-7772 -24754
-31250 -11916
-21965 -4176
24857 -19337
-13082 61866
-6467 -2881
38405 -19388
-35819 34194
-57180 -8199
41180 -5745
17344 8595
34281 -5225
-41993 -11605
5659 729
-16828 37658
31216 10276
-8162 -27833
26842 -64636
16071 -45682
1342 -48941
-11232 23249
21448 -66007
23959 16849
26868 -14067
24865 32953
-30685 43209
16864 -24850
-10189 -3861
-8248 11572
-7394 638
32220 -13011
-29490 10724
10204 -10358
10499 -3346
15371 1643
29995 16197
12840 63659
-16905 21625
34374 -18832
19625 10343
-35700 67630
-10584 -29465
10951 22545
17723 50852
12107 32320
-3597 -25980
38267 -36428
5977 24277
21984 -50798
27592 5233
-46509 15194
-482 19193
30707 -11807
-9258 -13878
26555 -8842
-55287 11549
-5495 12693
-12172 12950
-19757 -13150
31219 -12361
4196 1525
-10084 34299
-10223 1711
-29465 -43085
14692 4037
16612 4876
18531 -19086
-24823 -2237
32495 5135
-30047 -3193
31922 57416
-10823 16292
-6232 2401
8521 18314
-76499 7458
50396 -11300
-16410 25923
-37495 -16008
44759 -5362
8100 -1526
36225 -32351
5110 10331
53525 -8197
-30372 58006
19207 10907
-33319 6399
21348 -19793
-14666 -1057
-48610 38344
-16504 17987
9738 750
-975 -30504
-17445 33571
7061 -16743
32312 33616
-2966 -2109
24298 11051
-30507 -19079
-2699 -13466
-48134 -2634
-42163 44721
-35272 -28498
46470 -21781
-12663 -7297
8522 11268
-5523 4825
25377 -8166
30636 -30100
10606 36142
3939 38901
-941 -46658
19076 -40792
14644 -17166
-57113 4716
32277 -41320
32621 -10529
-26630 29019
-7202 34660
5387 1992
-34476 -41901
19471 19826
47548 -22190
-32694 5449
-18092 10404
5261 16086
-68606 36422
29341 -6147
-69061 -2991
4408 4474
19023 12190
4011 -2423
26492 14541
-9062 18889
8863 12205
-12932 -10091
10061 -11404
63639 13222
-46501 -4870
32816 -3224
-19157 16890
-12824 528
15301 -1596
33142 4903
18982 -1290
-21433 -10234
-27958 31068
-14257 -27404
3371 7565
-4451 14611
-8716 1382
27086 13113
45058 -22418
4114 -34658
-16894 -11490
11582 -11300
-8444 8842
-32810 -44189
7792 4539
-20680 -4828
-30941 14970
68876 10703
5513 24317
-11392 5512
32562 14365
25210 -9881
-3101 -14093
-7912 -41381
-16452 16946
-14193 45668
3746 -1547
39179 -6346
32219 43195
-7965 10499
-2259 5670
681 17011
24629 -21916
-15329 1212
-8785 6909
-8455 2558
-24145 -45428
35682 12634
19785 2053
6816 -5220
10524 41231
14217 -1383
-30814 6561
-68 33279
-6924 80575
17641 5922
-33560 -43887
2695 23172
-11828 -36427
25375 83953
-35462 -1703
-2537 -2926
1176 23182
-7479 42618
-4042 -41213
16597 58610
23706 39028
5927 9711
19117 -22541
-14529 -11331
-38990 13484
4779 -35539
-14868 -20647
-5653 -2476
20697 17517
-7784 -9025
-6599 23929
8014 -7930
39222 8781
-25135 10123
-4239 -14045
-8305 2008
17730 -10185
21561 11249
15318 -16746
-35447 17889
2766 -6846
4534 16230
-610 23301
31725 -31069
27782 -2906
-24822 -4120
25463 -7411
40368 -9586
-15264 -5398
-6506 -25598
39788 -17787
33220 22888
24078 1999
-5726 -42112
6776 -28354
-22051 33308
10725 51087
9056 -20130
10923 -37101
-14771 -32101
4205 -44398
-11384 22220
-6390 -6405
25657 211
-29266 5850
-27511 -7910
25997 7006
9821 -4858
25449 19804
-538 44009
3997 -21631
-10698 -34967
8932 41766
-10776 18447
20785 -2093
53320 56992
-46699 12926
20814 -2182
-5654 -11970
52187 -3413
-6859 -36757
-27249 -11491
-27459 4837
-44172 -2154
2139 15131
-31403 -17144
20548 5321
20109 3238
11398 -3482
-9362 28791
28169 -13959
3132 18750
24052 -131
31963 -8622
17547 5663
-7488 5346
-21173 25101
14284 -26678
7125 47000
6300 -44394
24700 -20824
3967 21209
-8525 6602
-42738 57964
21328 40472
-16392 -11562
-31861 -39516
-30615 19128
13022 31381
-14844 -3343
-14421 -7716
-24428 8954
-6734 214
-3179 24063
-21958 30180
-8191 -15192
-2066 29190
-7799 -22620
-5169 -12963
2839 -6342
29500 19931
-15006 6553
-48743 42290
23073 -2353
4801 -2519
-22433 -9989
-31804 -19843
-4824 -18653
4860 3178
-11586 25050
-18713 13407
10636 -19039
9850 18964
4318 10614
21951 -3798
-4645 -1963
21070 19762
-31911 -1999
-9161 4814
-54509 -26758
-11567 -17833
22797 30924
16772 -19900
-19738 9386
-27646 -15730
37903 -24519
-1421 -21550
9841 -6987
-42519 -4862
-33813 -4993
-16014 9728
17344 -9219
11233 -4164
18981 47211
-17335 -11028
-28142 -24392
1585 -1870
7352 -15448
2674 -26678
37134 -488
-51525 38470
-36597 -8434
-11057 -16288
46477 -37880
-42421 -30369
-2373 20652
-68376 17511
7876 -52416
-25086 -19389
12561 -6288
-924 13610
2615 -15478
-21396 -14173
11974 -233
-774 3831
-845 -3000
20698 -29719
29821 3841
18439 -10956
5266 -10683
-41706 85694
16376 -4519
28340 14195
4198 -828
28718 9252
25030 6575
45041 5271
22096 -8483
29857 -3123
-3456 -19187
-8916 -23566
-8443 23265
-15139 -7510
-31778 -43867
32650 2134
14771 27198
3312 30023
21012 -4643
-34842 -48226
-16313 19411
-9114 -4702
17341 -12625
-7568 -2010
-6589 6654
16829 18830
