6
203 24236
6343 -28510
13558 -5252
-1364 -17748
18951 263
-15366 21453
6562 -9895
-28415 -16021
10706 10497
21585 25740
-7459 -7925
-17301 17506
15905 -5540
11387 -18971
29314 -15263
-2124 28698
-11720 5686
-19937 -9622
11594 -18744
-23764 13025
26975 3349
-27122 20071
-12487 -10084
-539 -3605
20676 -26544
16300 17796
18810 -25076
-6127 3058
19499 -4091
25107 7775
-22921 21283
-22323 -10078
-15136 -10116
-2123 10086
11988 -23082
27526 4138
-18884 -29446
27341 -11955
14209 -1711
9651 -5820
6529 6610
-24139 5438
-28893 14847
8185 -8506
26672 -21755
-23633 11243
-27124 22832
-19722 16584
-22006 4238
21212 -7927
-26195 1283
-8503 -21783
21548 -17762
13326 28639
-8314 -270
-29731 1488
13309 -27775
-21250 -3333
23626 20128
-10862 -1958
11915 16059
-26644 9022
-13332 -24956
-14109 -23023
27228 27879
-1587 24813
-7841 23706
28448 -21930
19110 -7207
-15197 -8122
-16785 18714
23249 23128
-9121 26797
-9499 28849
-24663 14223
-9314 5014
20527 971
-6158 5957
25027 -19155
14280 29538
-10176 -8493
7415 16732
-15310 -6510
-1941 -11061
-3568 12929
16722 13591
-28096 21895
-11678 -19791
29925 21333
25261 24717
37 14827
3797 11045
-10810 -25103
4133 18626
9074 -5325
11165 -27860
18790 29599
6953 13173
-9477 -28159
-876 -4709
-22304 -3042
11000 4775
-28796 -27966
17023 -2502
534 10626
14225 13262
4537 11281
965 13537
27052 19096
-23069 16363
-19523 -1660
14984 7745
-2631 13537
19228 -2847
-19708 -12788
-24849 6701
19707 -29775
17801 25081
-29889 -13698
-3104 14483
-9277 28216
14119 3368
6808 -20512
7660 27461
-28293 16146
-26357 -24120
-5318 2674
8666 -5772
5173 -29276
3257 -11299
-4987 -18177
-27920 17139
20050 2288
-16756 -23196
11639 -20822
-28395 -26418
1437 381
-11034 -6722
-12724 17817
1330 -12195
27524 -13749
-21584 -18246
20790 5429
4778 -7222
-7771 6604
-7114 -8415
-21383 -13154
11531 -7370
-9552 -18714
28034 -23877
-25582 -6245
-24729 -27742
-15606 -12670
1007 6213
18746 20012
26251 -6210
8344 -4664
-14397 12290
28963 27167
-8078 -3015
-12748 -24559
-27507 9804
26578 29522
480 17655
22430 -7485
14086 24852
-18074 10287
-8541 18649
168 10957
-6656 -25575
5814 -21529
-5872 16690
-18059 9399
-8113 9516
12793 23519
9595 27748
7360 13116
-29149 29582
22662 -17211
-7683 -13934
-13305 -23014
-19724 1800
-18774 20008
22692 -9919
-23438 19657
-5118 28728
-24309 -19676
-337 -22463
453 26197
-17724 20956
1790 22171
-13933 -19045
-952 8497
22985 -14673
26499 16719
26456 -21606
23423 -608
-3566 810
-25846 23621
23537 19762
-18729 -2786
19849 7082
-16340 -12673
14026 -9801
11424 -23780
27524 -2948
4665 15837
-17198 -22210
12867 -19622
21588 17511
3610 11925
21644 -17423
24987 -27258
25398 -23345
-15277 -9854
1570 17148
-19255 -108
-16601 -1556
20485 23137
-28420 5693
11167 27392
-20464 16363
7164 3015
23861 -28283
-136 12072
23988 21618
-9695 -18647
16168 1101
-16596 10119
29263 787
22640 -8624
-8054 3601
-3793 -4699
25559 -16974
-6170 10268
13244 7442
8657 -20997
-17273 13691
16040 2629
7786 10888
12120 -25769
25722 27248
8821 -5376
-29469 -22530
-8839 28919
8061 -19312
20819 25370
-28422 4963
-1707 12513
8056 16829
-12193 806
-26702 -1711
-12218 27627
536 -3244
-16836 -8388
19793 3664
-14459 -16558
-24213 5999
-26227 -6211
-18573 -17087
-13185 -23653
7420 7626
14213 -22465
-13674 -4229
-2276 -5803
3094 -15931
-1126 14385
17375 -9969
-8913 -11580
25135 10236
16432 11863
14560 1701
-2861 10776
-9562 -10196
-9498 1270
-19761 2907
28131 -17898
2519 2802
-554 859
25061 -3832
28710 -21639
-29623 -24557
3882 -1139
20255 -581
24036 3165
-6573 -10070
-15615 -14749
24573 27599
15767 28125
8633 21079
18661 5984
-22381 2247
-9406 2320
1385 -23435
4885 3747
-24005 23774
15977 -9539
-5603 -20660
-29885 28951
-25527 -6775
-17867 1007
-8987 355
-3581 -3540
24289 -12247
-27730 -8895
25260 15761
15678 -21102
7993 -8037
-13370 -7681
-10196 -25772
-923 -28605
-9971 23736
3389 -10229
-29200 29332
14639 -29598
-26929 9738
7145 -29571
-10785 -27672
-8971 18378
7524 16528
-20048 4508
11706 5195
12324 -11520
-17584 -18205
27748 27616
13625 -4740
16064 3044
-7468 614
18185 14870
-5320 1991
23853 17691
-10674 12322
-29561 28151
-18252 -7861
17216 -11457
11824 -10181
-7589 -16542
-21878 -17204
-20835 -7244
21618 14508
23364 26789
20534 28633
-5988 26029
7835 25314
-25651 22676
1853 8936
27024 -19493
16863 -3581
-25019 -26040
-13558 9770
21689 -12984
-4503 -21577
-9927 -7596
-13096 5016
-10763 3299
19857 5803
12031 -2881
-9181 -7720
-8680 -9631
-5401 1298
-25435 27238
17571 -20131
1115 -20301
21211 15905
14629 -19528
-15118 11332
17133 -22954
-24039 -346
10404 464
-847 -12590
-22150 15811
-6412 13695
-25677 21642
2845 -10242
7789 -18149
-16892 4328
15215 -4495
25749 15716
24778 -15984
-13797 378
-19999 2564
-20514 -19733
20835 -22291
20761 19305
16090 21387
10048 -14227
23871 11855
-14387 27889
21902 3107
26437 22866
17712 -15818
-21047 -21495
-4611 -23484
-20187 111
3780 2895
18364 -5335
-24514 27479
-24022 24982
-24495 7795
-16773 11113
24431 10013
-12022 22905
-29369 13220
17517 101
13332 24359
-14260 12315
-15655 -26160
-16800 -18941
4675 19212
-28294 9152
-1361 5428
7088 7591
14032 14259
-8132 4953
-14735 -308
-28932 22491
4778 -1852
-321 12639
-29050 -2190
27218 27554
-15494 29686
1 -29647
-14305 -14049
7133 498
-2739 21610
28232 17627
21665 1220
1865 -2449
23953 25490
19992 2928
-27596 -19039
19595 -12208
-67 -8597
-11434 -26528
15275 -15481
-4718 3924
-23644 15273
12535 5746
27007 23972
25673 -9733
8901 2303
15287 23148
-7318 -5402
1740 1653
-7757 23721
-26655 -15881
14161 29100
-9629 -29390
18602 -23091
5124 23686
10239 12385
27559 -19843
-10026 19395
-29816 -3167
-13021 -21890
29065 15067
-4681 24204
9068 -7581
-6520 -29285
1116 -27973
-81 -24300
3330 13574
-23362 19495
-18823 -2927
-1126 -20813
19226 23719
-12667 21795
21849 6438
-24080 -12281
11323 1584
916 -328
20357 -6550
-6933 -11981
14806 -11054
-12682 14399
-4644 -19356
13962 -45
6698 -19318
17364 4324
6732 -11085
23325 2796
26191 25204
11827 3902
8722 14340
-3707 29949
-4693 -10081
21431 -29203
14089 -12871
-4019 -1657
28541 13174
20282 -20272
16887 11437
1954 -6131
-20707 27269
28971 -28580
-19932 -16108
-20171 12391
-28584 8358
-27696 15106
20775 16558
-29522 -20016
27939 -12624
8908 5896
17847 -2703
-14678 4025
-27744 27922
-23435 13706
19172 -13532
-13401 -15452
19217 11565
26049 6409
-1990 -16669
11276 -2575
25018 18861
20469 24817
-15833 18006
29907 -16815
-11840 -5171
-26070 20953
-13661 22290
17881 25188
-5544 -22970
-12710 19911
21741 -2262
6841 3337
-25497 -17684
15717 -8177
-29540 -5678
20616 194
-27729 -8177
23614 18893
15219 -25646
24064 -23122
27236 -25794
-22975 -10481
13866 22519
18491 7652
11872 -26647
-27278 -3024
-11330 -21491
-28153 19035
-16557 21137
-6881 12652
-22003 -24133
-21082 -12672
19998 -9115
10120 -23140
12800 -10902
14934 12668
-27751 21349
-9649 -21356
13601 16125
-13923 14509
-26758 -20627
17907 -28994
6700 -10416
-18848 10780
-194 -26760
-16636 -26834
-11799 81
-22907 -14375
-3951 -9771
2629 -20316
-629 8738
-25136 -5256
-25433 -1003
9316 12086
9157 -3027
9194 18915
-27215 2108
24554 4089
-21908 -7102
18672 -5908
19131 18221
-25999 22882
-3251 -20028
-1750 19642
18250 9660
16119 -19070
142 -11484
18603 -23568
-17709 13787
-16314 19057
6614 -24414
-4145 22582
23195 3386
15834 -19759
-10061 27979
-21744 21258
-9176 6872
-20341 -4075
29465 -21227
-13776 -27251
27114 13344
9933 9804
-11192 -14402
9449 1953
-27849 9351
19205 -29889
-13193 22229
1137 -22972
-4914 22403
5971 -7496
-7062 18633
21585 15756
20426 -15631
-20790 -16824
13803 2935
8103 -22520
1293 26965
-19433 -21981
-11513 -16168
17182 -27508
-19270 18068
23586 -9740
18188 20599
-13049 -4709
16274 28462
-29464 -18138
-28619 20718
-3565 -5267
9231 -6049
-23158 6167
6384 -19243
18655 4484
-7469 6880
-5657 14719
-29843 -27289
-21884 24977
-18100 2016
-8198 -15169
-15850 1606
-14708 -25923
24281 24887
-448 -20666
14265 -17789
12788 -22685
18570 -7425
18052 -27033
-16172 -27920
-14407 25431
5063 -5100
14019 -11167
-15576 20901
-26624 23455
23878 9800
-20897 1825
-8437 -25365
3060 -2409
-22092 -17527
10127 -15776
14055 -10216
5891 -1872
-4577 -17512
22690 13585
-14259 7604
-17949 -6531
2462 -3993
2894 -19316
-24293 5321
647 -20689
-2387 3202
23514 1222
-29073 -29223
-25062 -18252
4165 27796
-5617 20315
10767 -22657
8828 15522
20726 987
-17115 27183
8916 12320
1955 -16746
-15138 28321
-5240 15218
28133 29960
26914 -13316
16777 -27441
-11860 -679
26681 -25364
-29014 -26040
22384 11018
28282 19515
3805 -25269
20229 6577
14048 28932
9154 9126
-17081 2107
17773 -26532
-26802 23691
-24800 -10071
-25393 7076
29302 29305
21590 19521
-12459 -193
-13073 13468
4665 12299
-7212 -20298
-11767 -4801
17662 -10000
-3037 -21669
-23134 9746
-15648 -1692
2349 14820
26841 15950
-26281 17261
-13688 2739
20294 20474
-24696 11381
24199 -17186
-26707 9667
-8087 -22025
28223 29181
-20863 28099
-12863 -27484
18954 11202
27561 -19123
14307 -1309
-27164 25330
11302 -922
-17260 29982
-20239 -19412
-14693 -10999
-5221 13263
28908 -12888
-7836 -24131
-27660 -3311
27284 19345
-19762 25445
-20868 21508
-12110 3918
8448 -28064
-10526 -21842
28295 11960
-12465 -28703
-23549 -19385
-21822 14442
21597 28957
27926 -22164
27971 20530
-6656 -1848
-18720 3136
23994 9122
11312 26191
22771 12641
20836 18107
-16423 18167
24880 9382
-23870 -819
-8239 25691
5461 -14800
9697 26015
14125 -24069
24917 -2921
936 -3053
-18850 23527
2948 -15707
543 10575
19744 24051
-26322 -12361
4712 16798
-8231 14234
-13392 -123
29305 -12333
4268 -29153
15309 -17754
12698 27473
23797 19531
-6514 28542
15852 1
7140 9787
10056 11985
12064 26249
-20371 -20203
6510 -9905
11473 15987
9561 4518
19459 10370
-21160 -10806
-23592 -2181
-11062 -27729
-3262 20004
15389 -9612
10591 26250
8431 27668
-10194 10408
-27868 -16197
-29437 -14346
-9751 21767
18487 -23359
-27849 -2248
-20096 -16229
-1965 3130
10976 11026
11996 2243
12425 -1827
-24718 -18353
4265 -6518
27955 15068
-3356 11870
2080 -6657
-13963 -1600
-20005 18875
-8403 -21072
13543 5300
-26830 -21331
-66 20769
-9050 3615
-22125 -21618
12002 -12335
-19440 4248
18365 -1717
-25493 18424
3519 1984
-27453 12094
-21230 27024
16001 7028
-25742 -25945
-9989 -12784
3585 -24516
-26593 -21941
-18640 -6045
-5591 8026
-28559 -10483
24224 -10405
2349 -2292
26251 -5942
19474 29786
-19295 15087
-23660 -8988
1176 -3844
15214 12490
-10170 18566
10349 -24213
19577 -16330
19361 -6730
3631 -24117
-17331 4869
6006 4335
-24106 21492
-4026 7538
-19962 8111
-3974 17212
-12690 -27243
-17171 -13363
-19975 -14217
-12056 5672
6072 -16156
11610 -6657
10565 -2367
8004 12109
7809 -17544
-1707 -9500
-28603 -16501
-16891 2031
9220 -10389
-20498 -9968
16744 -5078
5835 332
-28726 -28383
-19345 -11822
-20376 24711
1378 -12311
-17985 11668
3207 -25496
1631 23821
-4903 -16747
28981 29320
3740 -22462
-5567 -22634
-14419 -12847
-10217 -7545
-7234 467
-19907 -14730
20134 -14330
-21224 -13310
-14739 -16855
16537 -11073
19091 -16632
14133 24312
-15068 -10492
13032 452
29275 25727
-16283 -27085
11971 -22426
-15563 29196
7585 -2308
29175 11635
14982 297
-6489 27270
-25533 -22667
-22204 5994
-23094 26117
-233 -13604
-5033 3293
27367 9090
2972 26755
-2762 -6595
-27148 -22631
-17245 26582
-17012 11618
3674 -27257
6941 -2963
-25843 -8193
-23852 -2325
301 29349
-27777 9837
14094 5450
-2950 -20709
26334 11740
232 -28587
-13805 28351
-15953 1118
-20812 -8862
22279 -19536
20247 -3600
-28170 28833
5711 15647
2599 -7063
-29033 -29428
17722 23792
21763 -4902
-26661 -19628
-3033 -10770
23828 -24974
-11978 12157
8028 6329
26303 9496
-12965 -26517
18903 5199
-3674 -6071
19108 -29786
16468 -27106
-19965 -24176
3549 14697
-25559 -23427
8001 -19537
-3649 9603
-5107 12841
-5088 13838
-8384 24562
10585 7046
26864 -7358
-17801 -7374
500 1526
-2040 15973
-22066 -21000
5167 21655
29057 10069
-6603 -15659
24543 19989
-29401 -15030
23712 -385
-7887 3559
-10090 18009
8794 17089
-28756 -13524
-23946 -19780
2019 11374
2009 20322
29185 6751
20649 6646
-9023 11209
9782 14444
-17460 3233
-26748 -22833
-6475 23941
7213 13649
-1262 -12651
-15253 -622
-6957 -24599
26687 16788
16059 20789
-12086 15402
-17531 566
-3444 -26441
3247 -7287
26301 -11648
923 -10039
-16291 10153
12188 -4063
-3549 26813
-7041 -889
-24394 -6045
11801 -18556
-23117 -17404
1628 -22183
-17479 -28311
18278 28411
-15220 -20083
-2781 -1330
16134 29947
-19641 -12895
12757 5416
4664 -25268
25248 21543
-23389 -15797
5072 -9589
-6596 -15250
-12692 -19051
-16480 -6750
17775 14626
-27260 -654
13219 -3147
28888 27108
-18138 17362
-27859 -27009
10636 -24837
-26366 11390
2246 5648
7989 14127
4708 -22167
18131 22391
11242 29465
-18966 16276
14666 25226
17446 1969
-9848 5164
-4880 -15197
11608 -25781
-27013 -25285
-13650 3449
-3280 -29841
17364 3711
25105 -27362
25547 -16590
24310 -16088
14338 3834
6931 -19189
-15210 26761
16918 25607
26121 16007
4942 -7969
-22747 -8900
-25567 -25655
6091 -23670
-2275 -1262
12801 26815
17678 -6811
-20004 -24422
-2068 -6860
5139 13958
-154 -29736
-3462 -3265
4249 -28303
-4210 24439
17981 24990
-18393 16633
4522 -11334
-27152 -2514
-24274 -8088
-3031 -17054
-6983 20627
-2069 19643
7541 23597
3987 29344
-22952 25124
-16213 -15792
7254 28238
3980 -21744
3372 19434
-14927 1827
-25419 8335
-25349 -27056
24461 23344
26821 15858
-5689 29263
24421 -4632
-18846 4673
-11407 25825
24896 -17256
28494 -5892
-22608 -10646
-4698 23463
-3421 -15393
6495 -12593
29938 -9084
-13120 3663
1778 -21312
12533 -28006
-5901 20665
-4524 8389
-10684 -20868
-10004 -13794
-12025 -19983
-3852 9766
14546 10606
-29335 -2397
-4666 -28133
23123 -113
22419 -14034
27644 -26530
3394 20949
-3951 -1128
-6923 5382
-7013 -18824
2669 427
24819 -9305
6659 25737
4432 -26656
-21075 -9523
17960 -21491
21205 23111
-21602 -5934
13902 -12783
16423 -24840
1034 -8396
1743 -29165
-24986 6125
-10964 18999
29252 2651
2330 -6505
19267 5979
-28205 -10921
-10589 18737
28863 6575
20752 -26853
-12603 -27244
954 25509
28537 17276
-24560 9509
20641 -12733
-18397 26345
-20400 -20223
3064 22648
21194 19635
-15952 -13042
2105 -26482
-20464 -15394
-22017 -15816
-28307 -21531
23463 15531
-7212 24786
18363 -23833
22537 -16376
19364 -13999
-22309 23529
24854 -18713
-14840 -24138
3105 -29073
16649 -23901
-2429 -28523
11013 -17856
-1840 24731
-14329 4762
-10741 22704
-25890 13794
-19184 7569
-26073 13676
-25925 15052
-10868 6090
10654 -15672
17327 14904
-17705 -10533
24251 -8049
3012 21153
21120 8760
-23684 -25516
5877 -1112
15307 11724
27149 -1213
1920 -23486
-29932 15735
-24612 25961
-17172 24427
2678 310
7018 9415
22656 -18484
-8247 10748
-24066 -7009
-18689 226
-14807 -22510
-13852 8244
29784 -17719
28820 -20559
-1013 -26668
-8260 -21572
-29525 -13947
-1842 -10706
-10677 14436
-11410 -1814
-9135 -5596
-7379 -4859
8862 -18565
18106 -20359
6871 408
22222 -23742
10306 -23193
29728 -16163
13080 -21636
13958 -13121
-15373 27681
29464 -7723
24376 -26581
28408 -25063
-7742 26332
-13625 13853
24855 -16314
23743 -5795
29723 -14406
19244 -1430
-23855 2964
-25546 -4705
17421 -8894
5113 29190
-19720 19324
14302 11202
-5312 -15509
-29788 -12371
-1194 -19834
-1251 -24618
-20291 28555
16817 18425
-2358 -7874
-21846 4351
-21905 -29487
18528 11837
10185 18645
2409 -29279
-29156 17240
12845 20778
-29870 6994
17240 6451
-11399 13836
-6593 7796
13305 18164
10720 -18477
-19326 -12563
14828 24228
22714 21674
-16321 10743
566 -27902
-27101 -6008
-26892 27739
-748 -21
12412 -22881
3619 1940
-22590 9969
-28869 -19198
8390 3514
23589 -20542
-15839 -1504
-10003 -1943
-9706 29219
-3297 -17986
-6736 9405
-7650 -19203
19269 -10127
29890 -1640
638 -27754
-18585 11375
28386 -27045
24228 16257
28435 15795
5016 -19216
-5438 20059
-21313 8709
26379 98
-6418 -5176
-25410 22982
1295 8379
-18121 -6141
-22154 12851
8224 -6372
23000 -1599
-25012 -6658
21143 4518
26171 4180
-16355 267
-18023 12744
-17259 -25036
26316 26923
28349 -21553
22740 -26701
-17923 -23256
-26422 -26935
27252 5603
-5358 21016
-19294 25840
28731 22302
20127 -10820
-28077 -23129
1705 5347
-13245 11281
10217 25443
25136 -28888
-27753 8057
-14650 351
-10358 6751
23658 -23343
-19886 27663
11619 -21249
259 -21380
14583 -1500
10254 -7125
-8180 4471
26681 928
15390 9870
-3140 -13248
9551 10115
24949 -3738
-12395 -24978
3436 19091
-257 -288
10340 -4565
-25365 22869
-5992 -6099
-23921 18103
6384 -20597
13349 22866
-1259 22341
14239 14921
-177 18791
4143 26729
-23631 -6144
9471 -9307
-24356 -3566
3477 6539
1939 -24477
-28655 26520
9291 507
8725 23066
-29963 28139
15229 19753
8393 -21465
6781 25651
25071 1510
15399 -29521
-17894 7483
-12102 2127
-2140 7106
-13571 -14443
26402 16973
-3994 -12438
-24267 -5279
2495 -9496
25633 -4711
24964 27168
22249 12850
-17999 -2830
5491 -9233
12961 22870
2299 -12138
24028 -9206
13996 16610
-3714 -25419
1506 -5462
-29030 8829
9340 -18376
-26245 -24586
-4220 -11882
-1298 -25320
-17005 -4866
-8628 -28517
24539 -16955
11712 -23690
7519 -11269
25786 3207
25166 199
20384 -26039
-25905 -17278
15974 9728
-11963 29628
-8474 -28592
13244 21943
23504 -5197
18550 -13437
-11159 -18964
-22797 -4156
-18589 20592
12532 27209
16373 19543
-2195 12016
6674 -12220
-10537 20408
-12899 -16719
-15083 25520
23756 -14970
22227 18959
-21835 -27931
27153 21483
-26011 9006
6564 -1131
-6567 5998
-26397 16648
26761 -5783
23505 26979
12847 23669
1517 4526
17726 -16254
-23645 -24364
-19745 -24388
-22356 -23886
-27571 -990
-20358 10641
7010 -9605
-26223 5130
22109 20472
15471 -24603
1672 -1270
29571 4531
-5513 7686
2592 -28926
2247 21628
7285 25706
-11148 -2271
-16013 7377
5299 29131
-18070 -18271
22766 -26665
-4217 -4275
-14559 13363
862 -23247
-10273 468
8878 9844
9941 25459
-5631 13010
-1289 743
13726 10727
29808 669
-9890 11361
13700 -20212
-18215 25367
5175 29731
29591 8359
27898 -7395
-2035 -24464
-15925 -27697
-2530 15109
-16052 29499
-21257 -28568
8798 -24117
5563 5998
11986 -23986
12165 25418
29524 -1227
10038 27227
2698 2223
-22871 -7044
9534 -13533
11112 -9256
-6125 6549
7300 -17894
9138 128
6822 -28370
-9857 -14215
24047 18343
1197 -20326
12035 4182
-2874 27455
-11739 12700
18583 18587
-6399 18948
-16036 22962
19002 -5395
-14433 -20244
27203 3507
-3538 -22912
-27581 12783
-5886 500
3646 26759
25417 21708
-4947 21250
15753 27261
23553 -28123
18161 -26262
28632 29596
1842 -161
18323 -4623
-4273 -23055
29837 13916
31 26030
-25914 23005
22424 14490
-22325 -21093
9751 -18725
-25898 11237
9144 12209
28715 -11506
28341 3211
3133 -29484
-10306 -19259
29486 -123
12598 29147
-9791 27384
22358 -15564
-20210 -13569
19987 12251
-8678 18093
-4966 16825
3769 20477
20725 -25664
27466 16311
-21601 13020
2958 24622
6175 27368
2399 -3929
22310 17358
-11290 6107
25798 -16532
2718 11217
-18480 -11578
7648 29582
-23224 6823
-22555 -28778
16197 -21076
1825 15594
-26796 12476
22677 -25289
-22027 15245
-3495 21129
18107 -8133
-14299 -20305
-5395 15834
2482 4048
12349 4133
19380 209
8141 -13013
20993 -15934
-14506 -19288
25733 20149
5282 -21880
20328 5732
-19051 -10784
-22080 25628
-18495 -21088
-27334 16068
29871 1895
-2246 12565
-24562 13452
-4841 -9816
15422 -19392
14549 -9054
-27229 -14579
-20103 -23445
-25544 1245
-22532 24243
-12118 6843
21327 11463
23455 -24708
14935 1515
-15536 12399
-6926 4833
23881 25602
24705 4830
-18186 -4944
14618 -25177
-9613 -14756
3183 563
-15397 -15634
15093 -25105
-10818 7280
14342 -25902
19903 23625
-5330 14585
-9061 -4582
-28094 -23528
19042 12816
5901 17763
-8994 27551
2357 -14358
616 -6797
24580 -2858
4896 -2615
-2359 -8661
-26173 28757
-4549 28382
27077 5103
21042 -5094
-15294 12731
-20996 7652
-28626 16434
-15466 492
28071 -20465
22803 -20684
13441 16323
7103 -14315
-6204 -2773
-14461 24848
-23200 9954
-16112 14742
-8708 27180
-11864 -21896
2925 26773
11461 12789
-28633 24375
19939 23802
-10771 28324
-21152 24322
-8807 18947
10490 18006
-17819 9289
-28432 -781
-17371 20186
206 22375
-25452 -21922
25470 16364
15989 11935
-9717 -4862
-7739 -104
28440 -19128
-10840 -12506
-14923 -21956
-16820 18956
21785 -56
14517 -18083
-11510 573
28640 -26612
-13721 23670
3465 -7040
-21138 12641
13053 -18257
19548 -11994
11852 8942
-18227 -6597
14695 -19437
6674 27461
-10422 -22758
-29523 17484
-16802 -10558
7529 9649
513 -4841
-15383 6547
-12043 -7479
25641 -26974
21716 27695
16731 21752
-5112 4127
-6333 -15504
-21362 -20377
16352 1094
-5141 14595
-9715 29196
-19843 29391
28957 -16261
19623 -21268
-24360 24930
15972 -266
-8796 -9866
-25408 18227
-16191 -22837
-7184 -9208
10384 20376
1255 13944
8713 19025
17567 -23313
21774 22275
-10440 12153
7661 -4458
10335 23868
-16099 8223
23051 12241
738 -133
12758 22070
-15446 9663
-9070 29168
17110 6875
12659 -16215
-29694 -20862
26527 -29657
19594 17085
-554 9331
6968 -7181
23940 1998
25939 -1237
28173 -3060
4675 29977
-9232 -12425
5778 4147
25648 -2278
-5219 -19595
-18023 -6113
9164 -21055
-20406 -3281
19985 13326
12681 10360
8461 10028
1955 -28832
-19184 -26277
-11087 11734
-8281 21817
-15484 -26055
-28862 28000
-4667 29513
4549 4907
-11903 -29376
-16830 21764
-13833 24819
-8450 21536
-20039 3302
12315 19799
445 8379
-19536 5774
11770 21567
14297 -25729
-22018 -19616
26271 21098
28306 3303
-11694 -25808
-23969 -7854
-4652 15408
20085 27007
-8572 -11711
6017 -17438
-15698 -9134
-12370 3166
11536 -24245
19879 -20309
28703 -12839
-17066 0
-3258 -24556
-16169 -4371
-4117 -24072
-24596 -12693
29286 -3761
-28247 -7636
-26080 -12965
15134 -3617
29193 -953
5277 28342
-12611 -14831
-1020 -23948
24145 10907
-29896 17088
-27175 19417
-21782 8218
6722 -18192
-26017 15532
-14049 20642
85 25715
-22956 -17873
-4788 22088
-14626 17219
21191 -9176
1853 22869
27979 11229
-23423 26605
24117 -3971
2633 9746
3080 -15366
-9321 -21763
-14347 27169
-26060 10738
-14878 -8596
984 -23040
-25821 -23058
4171 -6551
-21479 15679
-19664 28730
-9154 4271
9054 85
-4910 -10565
9428 10375
18438 -19706
-9062 -21214
5496 -26434
596 22272
2285 -21546
-3051 12087
23289 -20297
1998 -23786
-5317 2841
-16836 -2980
-14215 11748
1608 -12124
14366 -18092
-29824 13028
-1208 10017
25103 -27823
-3038 -15753
-4283 21177
1216 -2282
-3594 -4035
-14793 20371
28013 -2192
-20755 22245
-12579 8051
-12467 -25863
-22500 26271
-13906 -1469
-7570 14749
28017 5911
-28312 20383
-19966 8031
14546 -5380
16883 -3670
-22608 -8711
-19257 -15829
-25762 23477
26223 7254
-12774 25501
3081 -15435
5428 5956
-26920 8227
-8480 -25765
-18126 -6625
22218 -26009
-8119 -8237
-25220 -3841
18859 1953
-23993 21194
-2801 -22404
-14222 13944
-4012 1055
24958 29193
-9618 21822
-3657 15940
18979 -11456
-22069 1048
1954 -462
-2486 17669
-24133 6650
9005 -14641
28223 -2727
7905 6330
-4488 23397
6805 -21852
12854 -2116
17048 -1613
-17509 1247
27332 7241
-6217 22926
-6471 -11950
5510 -10304
-11764 -14475
2439 18550
-16565 29525
19399 -12786
22617 10372
-3838 -20225
21216 7249
3802 -20679
21273 24846
-17078 9231
7368 12364
14551 1553
-26131 -21800
7809 -20934
28747 2694
7988 -14062
-6855 -29942
-6990 -7149
-1391 5384
-10095 17782
19051 -1663
-3966 4199
13745 12314
-16321 -10543
9610 -13371
12411 14978
14253 25348
4198 -23958
4435 -3523
5252 12850
19690 26454
12436 -12150
4898 -1926
-23547 6351
-13621 6280
-3469 -5710
13859 -23673
-10857 -9075
-10880 6155
-24818 -8284
23726 18454
16640 -7811
11856 -28988
-28082 13239
15513 6403
-15509 -5869
-7722 8584
-12410 18342
6864 9523
16145 6725
14194 -8001
11185 -15028
-23487 1702
27177 -6855
13903 27241
2386 -9843
25438 -16268
-21116 -23884
-19599 22958
3098 28715
-11189 26444
15872 -26737
3058 -11049
27397 -4896
4559 19176
-7043 -1755
-13183 -24895
-10229 4648
27702 28968
-8951 16104
6907 -3895
-23571 28045
-23656 -12735
9057 2840
-22788 -19282
-27380 26784
3805 1623
-1783 -22471
12615 14184
2241 -16552
-28906 27164
-9432 29078
13997 -8593
12025 -13781
18965 -24736
19109 -25690
-22855 28
-4257 23541
20054 13207
-3281 -27994
17679 -12117
-5604 -3388
10594 1487
26621 15548
-4013 -6391
-13291 -5036
24532 -11775
-12644 -4955
-5228 27887
-9445 7112
-29934 382
16256 18069
3967 -10879
16063 -3095
-14640 18437
-6037 4391
-20623 -9917
24598 -1770
-20092 -14985
5804 -23688
29758 25305
-29777 -25617
24573 -7414
-12310 22138
14279 13622
11179 -14014
-26938 -2003
11175 17819
-13181 -27777
23473 -26888
17730 4150
-15511 19380
-2125 4820
-3803 -15820
9044 -28244
-13734 22813
-11098 8447
19271 -13838
-5723 18795
-5455 12487
16648 12235
12672 12250
-21620 27566
24349 5808
-5361 9603
-2619 -24281
12217 2569
-20373 16053
-13071 -349
-4406 228
-11772 27026
11969 -11038
-12686 9118
-19451 -27026
27752 10322
18324 -3485
-6414 -7622
-14479 28213
20171 21387
1981 -17811
24591 3163
16139 -28666
-15632 19915
11171 -22073
-17972 -21439
18628 -19017
27798 -18032
-4620 8514
91 -16624
9037 10798
-2193 -6943
-9757 8402
21845 9817
-21016 20794
17938 -23251
4090 2175
-14905 8091
21771 123
4488 -23133
8027 12928
-20073 24881
4863 -28704
11309 -3659
11086 -13176
15395 11110
-27644 9125
-26565 6745
-13607 25670
8617 -17155
-14779 -10007
-24776 -15371
-8023 16507
-9123 12525
3000 29433
-21773 4370
1435 8476
15544 -29235
-16567 -10099
-22932 23869
21292 -11339
-29587 -5670
-2676 -6315
-9821 4383
-21667 13152
11188 -12714
22736 -1647
23827 -19613
3760 9621
-26458 20106
23164 -3335
-19192 -20868
18481 29106
-4066 13750
-18491 26833
-6786 16700
21962 23672
5413 25363
21802 6317
-4182 8296
-4126 -24714
7317 1117
18532 -16145
18453 5091
26576 8259
19692 -20302
-12418 19680
3070 9567
-10666 -27784
-25832 -8431
20678 13325
-11543 -24725
-19424 -7343
-17468 15845
-10114 -9685
